=== Yes/No Classification ===
Accuracy: 1.000

Classification report:
              precision    recall  f1-score   support

           0       1.00      1.00      1.00        71
           1       1.00      1.00      1.00       129

    accuracy                           1.00       200
   macro avg       1.00      1.00      1.00       200
weighted avg       1.00      1.00      1.00       200


First 10 predictions:
         income          debt  approved  pred_approved
0  64570.756196  17363.021842         1              1
1  44400.238406  24852.373029         0              0
2  71256.767937  15634.094348         1              1
3  74108.470746  19507.571553         1              1
4  30734.472170    648.795293         1              1
5  40467.307397  14658.971186         0              0
6  61917.606048   9097.388108         1              1
7  55256.361115   6468.308577         1              1
8  59747.982637   8852.933431         1              1
9  47204.341086  12661.135915         1              1
